p = [0;100;0];

a=R1(90)*p
