format long g;
a=2*pi*sqrt(0.381)*(-1/2)*(9.800025597^(-3/2));
b=2*pi*sqrt(0.381/9.800025597)-1.2388786